[ProjectInfo]
Description=
Creator=Stephen Ghool
CreateDate=20200617
ModifyDate=20200702

[Driver]
Brand=
Model=
Manufacturer=
ProvidedBy=Stephen Ghool
Comment=
DateAdded=20200617
DateModified=20200617
Qts=0.491331719128329
Znom=6
Fs=45
Pe=0
SPL=80.8958274232261
Re=3.4
Le=0
fLe=0
KLe=0
BL=7.41155468277002
Xmax=0.00925
Cms=0.000384054665095722
Qms=3.56
Qes=0.57
Rms=2.58681026147914
Mms=0.0325703324053481
Sd=0.0094
Vas=0.0048138593843357
Dia=0
Vd=0
no=0.000748406276522705
Dd=0.109400419197143
EBP=78.9473684210526
numVC=1
Hc=0
Hg=0
SPLmax=0
SPLmaxLF=0
USPL=84.6167669632894
alfaVC=0.0039
Rt=0
Ct=0
gamma=227.555389688103
Rme=16.156218475203
Mpow=4.01947987620327
Mcost=0
Gloss=0
VCCon=1
c=343.684120962152
roo=1.20095217714682
Thick=0
Depth=0
MagDepth=0
Magnet=0
Basket=0
Outer=0
Vcd=0
DVol=0
ParState=CENCENNNCENCEECCCENENCCENNNNCNNNCCCCNNNNNNNNNNNCC

[Box]
BType=4
Vf=0
Ff=0
Qlf=10
Qaf=100
Qpf=100
Vr=0.013
Fr=40.3724910596628
Qlr=10
Qar=100
Qpr=100
Vc=0
Fc=0
Qlc=0
Qac=0
Qpc=0
Qiclfr=100
Qiclfc=0
Qiclcr=0
T=293.15
p=101325
phi=0.3
d=1
Med=0
Nd=1
Angle=0
Isobarik=0
alfaVC=0.0039
dTVC=0
Sdfport=0
Sdrport=0
Npr=1

[VentFront]
Num=1
Shape=1
Fb=0
Vb=0
dia1=0.102
dia2=0.102
carea=0
len=0
endcorrection=0.732
crosscalc=1

[VentRear]
Num=1
Shape=1
Fb=0
Vb=0
dia1=0.102
dia2=0.102
carea=0
len=0
endcorrection=0.732
crosscalc=1

[VentIntra]
Num=1
Shape=1
Fb=0
Vb=0
dia1=0.102
dia2=0.102
carea=0
len=0
endcorrection=0.732
crosscalc=1

[PlotSettings]
Color=53199
Width=1

[SignalSource]
Rg=0.1
P=40.2617647058823

[Filters]
Count=6
filter0type=1
filter0params=0;1;2;2.0000000000000000E+001;7.0699999999999996E-001
filter1type=1
filter1params=0;0;1;2.0000000000000000E+001;7.0699999999999996E-001
filter2type=1
filter2params=0;0;2;1.0000000000000000E+001;7.0699999999999996E-001
filter3type=1
filter3params=0;0;2;3.0000000000000000E+001;7.0699999999999996E-001
filter4type=1
filter4params=0;0;2;1.5000000000000000E+001;7.0699999999999996E-001
filter5type=1
filter5params=0;0;2;1.7000000000000000E+001;7.0699999999999996E-001

[PassiveRadiator]
Vas=0.0367
Qms=7.66
Fs=25.6
Sd=0.0353
Xmax=0.011
Me=0.1

[SimulatorOptions]
VCInd=0
FlatResponse=0
TLPorts=0
