[ProjectInfo]
Description=
Creator=Stephen Ghool
CreateDate=20200616
ModifyDate=20200618

[Driver]
Brand=
Model=
Manufacturer=
ProvidedBy=Stephen Ghool
Comment=
DateAdded=20200615
DateModified=20200615
Qts=0.49
Znom=6
Fs=45
Pe=40
SPL=82
Re=3.59730719714039
Le=0.00034
fLe=0
KLe=0
BL=7.17
Xmax=0.00925
Cms=0.00043418216258217
Qms=3.56
Qes=0.57
Rms=2.28815606502612
Mms=0.02881
Sd=0.00887385966933303
Vas=0.00485
Dia=0
Vd=0.0000820832019413305
no=0.000754025024691496
Dd=0.106294633192016
EBP=78.9473684210526
numVC=1
Hc=0.032
Hg=0.005
SPLmax=95.0205999132796
SPLmaxLF=78.8494973851978
USPL=85.4759534445436
alfaVC=0.0039
Rt=0
Ct=0
gamma=248.871919472405
Rme=14.2909396341982
Mpow=3.78033591552367
Mcost=40.7291779574649
Gloss=0.0132615466875693
VCCon=1
c=343.684120962152
roo=1.20095217714682
Thick=0.0036
Depth=0.081
MagDepth=0
Magnet=0.1
Basket=0.12
Outer=0.155
Vcd=0
DVol=0
ParState=EEEECENNEENCEEECECCENCCEEECCCNNNCCCCCCEENEEENNNCC

[Box]
BType=4
Vf=0
Ff=0
Qlf=10
Qaf=100
Qpf=100
Vr=0.011
Fr=38.6707773766883
Qlr=10
Qar=100
Qpr=100
Vc=0
Fc=0
Qlc=0
Qac=0
Qpc=0
Qiclfr=100
Qiclfc=0
Qiclcr=0
T=293.15
p=101325
phi=0.3
d=1
Med=0
Nd=1
Angle=0
Isobarik=0
alfaVC=0.0039
dTVC=0
Sdfport=0
Sdrport=0
Npr=1

[VentFront]
Num=1
Shape=1
Fb=0
Vb=0
dia1=0.102
dia2=0.102
carea=0
len=0
endcorrection=0.732
crosscalc=1

[VentRear]
Num=1
Shape=1
Fb=0
Vb=0
dia1=0.102
dia2=0.102
carea=0
len=0
endcorrection=0.732
crosscalc=1

[VentIntra]
Num=1
Shape=1
Fb=0
Vb=0
dia1=0.102
dia2=0.102
carea=0
len=0
endcorrection=0.732
crosscalc=1

[PlotSettings]
Color=53199
Width=1

[SignalSource]
Rg=0.1
P=40.0299424287339

[Filters]
Count=0

[PassiveRadiator]
Vas=0.0367
Qms=7.66
Fs=25.6
Sd=0.02112
Xmax=0.011
Me=0.06

[SimulatorOptions]
VCInd=0
FlatResponse=0
TLPorts=0
